0.8267704174842363
0.5182801185198772
0.41821376399861443
0.3563631995132676
0.30266837932077456
0.26789804216888213
0.2616828746035879
0.25879851211276317
0.2293304785580179
0.2354583886716469
0.22018129440645376
0.22671576727319648
0.22566621173403145
0.22059544957714317
0.21062310840244647
0.21937995627062556
0.20634964044079368
0.20708940329926986
0.20821382629650612
0.20555727866788706
0.20163500403272516
0.19476628066672955
0.20331351964929958
0.19367292011731568
0.1883149781482823
0.1885840959019131
0.19072880494741745
0.1805828254164001
0.1815850705276301
0.18336424886904382
0.18183363245133263
0.18625644700210772
0.18682289077543918
0.18531127957006296
0.17883024822322674
0.17840532114568317
0.17488197577588352
0.18036419553337274
0.17664402849788283
0.1769329578742201
0.1785087193948803
0.17642252653101345
0.16844902983234253
0.1741292275212429
0.1707793816142244
0.16965332693983742
0.1722708336641023
0.16735005705260936
0.1735908175232234
0.16613576232375185
0.23218021839627145
0.20099960821738214
0.1824164347447179
0.18088563180954
0.18340175116526675
0.17685388947871547
0.18120093558581524
0.1719755088036627
0.16613227138180792
0.1733493140300759
0.1674040163418761
0.16800020757004802
0.17046626877430596
0.1558749876042575
0.15907260436380719
0.1645632104108823
0.1560217504401082
0.15641458962618568
0.158210396743667
0.15489512667301353
0.15859758504378943
0.16221368579009984
0.15547638380164167
0.15466087780042012
0.15683085803678373
0.15934902328974854
0.1527421002989106
0.15932781175123872
0.15915549406206903
0.15659894037669825
0.16085451486646946
0.157906033863302
0.15805582560736825
0.1550451521359292
0.15596955838716692
0.14992586805565675
0.15411403552732533
0.15125975887187654
0.15355618218143965
0.15559409903707327
0.15268221376808705
0.15742321987923832
0.15349245132349523
0.14985817493755876
0.15118515317293782
0.15596676291323003
0.1549262171726168
0.1519952406991779
0.15305057199050984
0.15429381719869965
