0.4841368448012221
0.25820345355680696
0.23403782417054897
0.19970939721463732
0.17809113034012694
0.17362609954067953
0.16810986191252775
0.17070850013628786
0.1615268738284983
0.15452865704629618
0.15682744734380163
0.15223910914515548
0.14598226723732588
0.14962597431350547
0.1515302477306744
0.14485016289270586
0.1403372090102898
0.14335529528052351
0.139769742426313
0.14440060988712458
0.13863133136068045
0.1356844252354845
0.135973941753216
0.13706084462112667
0.13184602667267123
0.1367013908629478
0.1315424734076922
0.1299955857153062
0.12805677973377852
0.13178683361785923
0.1313844199758023
0.1371565149223179
0.13293505121125943
0.12373332646790386
0.1302767919410986
0.13031785483874472
0.1264443457569283
0.12470896255201948
0.12241466400317019
0.1308056220073069
0.12641330723892208
0.1289805084248476
0.12368858877258997
0.12788607549773137
0.12286566822778111
0.12847848924129834
0.11904751504541455
0.12469353694123803
0.12411034764308068
0.12540436077023637
0.15771390950123285
0.1373194212116945
0.14011427967084777
0.146259655966136
0.12622154519007897
0.15096516058676773
0.1337369052796728
0.14188371920084328
0.12509067589129655
0.13056418589132343
0.12626922770437818
0.1324408556719851
0.12693845873043216
0.1310928980934859
0.12143403266407089
0.11948014855856237
0.12312034981175797
0.11932751930456746
0.12769662956764669
0.11849025270131266
0.12517772706076044
0.12220516672104965
0.1136430917037536
0.11563526207213233
0.11544240888978505
0.11295190633757522
0.11360015020199855
0.11319484931192603
0.10769834046332556
0.11240551061353382
0.11155386783619538
0.10930239288768742
0.10892337385886981
0.10830116632141541
0.10633295829218158
0.10874246275282384
0.10734520718041393
0.10907384912471896
0.10389022361544639
0.10719162242107645
0.1048113994564815
0.10784029004302013
0.10458006093531479
0.10448202963366553
0.10466229285251487
0.10557192734178202
0.10699922945724087
0.10620617230687245
0.1042082834382323
0.10624610737575517
